15
0 1 0 0 0 0 1 1 0 1 0 0 0 0 0
0 1 0 1 0 0 0 0 0 0 0 0 0 1 1
0 0 0 0 0 0 0 0 0 0 1 0 0 0 0
0 0 0 0 0 1 1 0 0 0 0 1 0 0 0
0 1 0 0 1 0 0 0 0 0 0 0 0 0 1
1 0 0 0 0 0 0 0 0 0 1 0 0 0 1
0 0 0 0 0 0 0 1 0 0 0 0 0 0 0
1 0 0 0 0 0 1 1 0 0 0 1 0 0 0
0 0 0 1 0 0 0 0 0 1 0 0 0 0 0
0 0 0 0 0 0 0 0 0 0 0 0 0 0 0
0 1 0 1 0 0 0 0 1 1 0 1 0 1 0
0 0 0 1 0 0 0 0 0 0 0 0 0 0 0
0 0 0 0 0 1 1 0 1 0 0 1 0 0 0
1 0 1 0 1 0 0 0 1 0 0 0 0 1 1
0 1 0 0 0 1 0 0 0 1 0 0 0 0 0
3 3 3 2 4 2 2 3 3 1 5 2 5 0 7
6 1 3 4 1 2 3 4 3 3 4 1 4 2 4